1 QUBIT: X ERASED
Quantum channel:
[[ 1.   0.   0.   0. ]
 [ 0.   0.5 -0.5  0. ]
 [ 0.  -0.5  0.5  0. ]
 [ 0.   0.   0.   1. ]]

Dynamical matrix:
[[ 1.   0.   0.   0.5]
 [ 0.   0.  -0.5  0. ]
 [ 0.  -0.5  0.   0. ]
 [ 0.5  0.   0.   1. ]]

Adjoint of the dynamical matrix:
[[ 1.   0.   0.   0.5]
 [ 0.   0.  -0.5  0. ]
 [ 0.  -0.5  0.   0. ]
 [ 0.5  0.   0.   1. ]]
Eigenvalues of D:
[ 1.5  0.5  0.5 -0.5]


1 QUBIT: X ERASED
Quantum channel:
[[ 1.   0.   0.   0. ]
 [ 0.   0.5 -0.5  0. ]
 [ 0.  -0.5  0.5  0. ]
 [ 0.   0.   0.   1. ]]

Dynamical matrix:
[[ 1.   0.   0.   0.5]
 [ 0.   0.  -0.5  0. ]
 [ 0.  -0.5  0.   0. ]
 [ 0.5  0.   0.   1. ]]

Adjoint of the dynamical matrix:
[[ 1.   0.   0.   0.5]
 [ 0.   0.  -0.5  0. ]
 [ 0.  -0.5  0.   0. ]
 [ 0.5  0.   0.   1. ]]
Eigenvalues of D:
[ 1.5  0.5  0.5 -0.5]


1 QUBIT: Y ERASED
Quantum channel:
[[1.  0.  0.  0. ]
 [0.  0.5 0.5 0. ]
 [0.  0.5 0.5 0. ]
 [0.  0.  0.  1. ]]

Dynamical matrix:
[[1.  0.  0.  0.5]
 [0.  0.  0.5 0. ]
 [0.  0.5 0.  0. ]
 [0.5 0.  0.  1. ]]

Adjoint of the dynamical matrix:
[[1.  0.  0.  0.5]
 [0.  0.  0.5 0. ]
 [0.  0.5 0.  0. ]
 [0.5 0.  0.  1. ]]
Eigenvalues of D:
[ 1.5  0.5  0.5 -0.5]


1 QUBIT: Z ERASED
Quantum channel:
[[0.5 0.  0.  0.5]
 [0.  1.  0.  0. ]
 [0.  0.  1.  0. ]
 [0.5 0.  0.  0.5]]

Dynamical matrix:
[[0.5 0.  0.  1. ]
 [0.  0.5 0.  0. ]
 [0.  0.  0.5 0. ]
 [1.  0.  0.  0.5]]

Adjoint of the dynamical matrix:
[[0.5 0.  0.  1. ]
 [0.  0.5 0.  0. ]
 [0.  0.  0.5 0. ]
 [1.  0.  0.  0.5]]
Eigenvalues of D:
[ 1.5 -0.5  0.5  0.5]


1 QUBIT: XY ERASED
Quantum channel:
[[1 0 0 0]
 [0 0 0 0]
 [0 0 0 0]
 [0 0 0 1]]

Dynamical matrix:
[[1. 0. 0. 0.]
 [0. 0. 0. 0.]
 [0. 0. 0. 0.]
 [0. 0. 0. 1.]]

Adjoint of the dynamical matrix:
[[1. 0. 0. 0.]
 [0. 0. 0. 0.]
 [0. 0. 0. 0.]
 [0. 0. 0. 1.]]
Eigenvalues of D:
[1 0 0 1]


1 QUBIT: XZ ERASED
Quantum channel:
[[ 0.5  0.   0.   0.5]
 [ 0.   0.5 -0.5  0. ]
 [ 0.  -0.5  0.5  0. ]
 [ 0.5  0.   0.   0.5]]

Dynamical matrix:
[[ 0.5  0.   0.   0.5]
 [ 0.   0.5 -0.5  0. ]
 [ 0.  -0.5  0.5  0. ]
 [ 0.5  0.   0.   0.5]]

Adjoint of the dynamical matrix:
[[ 0.5  0.   0.   0.5]
 [ 0.   0.5 -0.5  0. ]
 [ 0.  -0.5  0.5  0. ]
 [ 0.5  0.   0.   0.5]]
Eigenvalues of D:
[1 0 1 0]


1 QUBIT: YZ ERASED
Quantum channel:
[[0.5 0.  0.  0.5]
 [0.  0.5 0.5 0. ]
 [0.  0.5 0.5 0. ]
 [0.5 0.  0.  0.5]]

Dynamical matrix:
[[0.5 0.  0.  0.5]
 [0.  0.5 0.5 0. ]
 [0.  0.5 0.5 0. ]
 [0.5 0.  0.  0.5]]

Adjoint of the dynamical matrix:
[[0.5 0.  0.  0.5]
 [0.  0.5 0.5 0. ]
 [0.  0.5 0.5 0. ]
 [0.5 0.  0.  0.5]]
Eigenvalues of D:
[1 0 1 0]


2 QUBITs: X1Y1 ERASED
Quantum channel:
[[1. 0. 0. 0. 0. 0. 0. 0. 0. 0. 0. 0. 0. 0. 0. 0.]
 [0. 1. 0. 0. 0. 0. 0. 0. 0. 0. 0. 0. 0. 0. 0. 0.]
 [0. 0. 1. 0. 0. 0. 0. 0. 0. 0. 0. 0. 0. 0. 0. 0.]
 [0. 0. 0. 1. 0. 0. 0. 0. 0. 0. 0. 0. 0. 0. 0. 0.]
 [0. 0. 0. 0. 0. 0. 0. 0. 0. 0. 0. 0. 0. 0. 0. 0.]
 [0. 0. 0. 0. 0. 0. 0. 0. 0. 0. 0. 0. 0. 0. 0. 0.]
 [0. 0. 0. 0. 0. 0. 0. 0. 0. 0. 0. 0. 0. 0. 0. 0.]
 [0. 0. 0. 0. 0. 0. 0. 0. 0. 0. 0. 0. 0. 0. 0. 0.]
 [0. 0. 0. 0. 0. 0. 0. 0. 0. 0. 0. 0. 0. 0. 0. 0.]
 [0. 0. 0. 0. 0. 0. 0. 0. 0. 0. 0. 0. 0. 0. 0. 0.]
 [0. 0. 0. 0. 0. 0. 0. 0. 0. 0. 0. 0. 0. 0. 0. 0.]
 [0. 0. 0. 0. 0. 0. 0. 0. 0. 0. 0. 0. 0. 0. 0. 0.]
 [0. 0. 0. 0. 0. 0. 0. 0. 0. 0. 0. 0. 1. 0. 0. 0.]
 [0. 0. 0. 0. 0. 0. 0. 0. 0. 0. 0. 0. 0. 1. 0. 0.]
 [0. 0. 0. 0. 0. 0. 0. 0. 0. 0. 0. 0. 0. 0. 1. 0.]
 [0. 0. 0. 0. 0. 0. 0. 0. 0. 0. 0. 0. 0. 0. 0. 1.]]

Dynamical matrix:
[[1. 0. 0. 0. 0. 1. 0. 0. 0. 0. 1. 0. 0. 0. 0. 1.]
 [0. 0. 0. 0. 0. 0. 0. 0. 0. 0. 0. 0. 0. 0. 0. 0.]
 [0. 0. 0. 0. 0. 0. 0. 0. 0. 0. 0. 0. 0. 0. 0. 0.]
 [0. 0. 0. 0. 0. 0. 0. 0. 0. 0. 0. 0. 0. 0. 0. 0.]
 [0. 0. 0. 0. 0. 0. 0. 0. 0. 0. 0. 0. 0. 0. 0. 0.]
 [0. 0. 0. 0. 0. 0. 0. 0. 0. 0. 0. 0. 0. 0. 0. 0.]
 [0. 0. 0. 0. 0. 0. 0. 0. 0. 0. 0. 0. 0. 0. 0. 0.]
 [0. 0. 0. 0. 0. 0. 0. 0. 0. 0. 0. 0. 0. 0. 0. 0.]
 [0. 0. 0. 0. 0. 0. 0. 0. 0. 0. 0. 0. 0. 0. 0. 0.]
 [0. 0. 0. 0. 0. 0. 0. 0. 0. 0. 0. 0. 0. 0. 0. 0.]
 [0. 0. 0. 0. 0. 0. 0. 0. 0. 0. 0. 0. 0. 0. 0. 0.]
 [0. 0. 0. 0. 0. 0. 0. 0. 0. 0. 0. 0. 0. 0. 0. 0.]
 [0. 0. 0. 0. 0. 0. 0. 0. 0. 0. 0. 0. 0. 0. 0. 0.]
 [0. 0. 0. 0. 0. 0. 0. 0. 0. 0. 0. 0. 0. 0. 0. 0.]
 [0. 0. 0. 0. 0. 0. 0. 0. 0. 0. 0. 0. 0. 0. 0. 0.]
 [1. 0. 0. 0. 0. 1. 0. 0. 0. 0. 1. 0. 0. 0. 0. 1.]]

Adjoint of the dynamical matrix:  **D not hermitian, so cannot be the D matrix of a physical channel 
[[1. 0. 0. 0. 0. 0. 0. 0. 0. 0. 0. 0. 0. 0. 0. 1.]
 [0. 0. 0. 0. 0. 0. 0. 0. 0. 0. 0. 0. 0. 0. 0. 0.]
 [0. 0. 0. 0. 0. 0. 0. 0. 0. 0. 0. 0. 0. 0. 0. 0.]
 [0. 0. 0. 0. 0. 0. 0. 0. 0. 0. 0. 0. 0. 0. 0. 0.]
 [0. 0. 0. 0. 0. 0. 0. 0. 0. 0. 0. 0. 0. 0. 0. 0.]
 [1. 0. 0. 0. 0. 0. 0. 0. 0. 0. 0. 0. 0. 0. 0. 1.]
 [0. 0. 0. 0. 0. 0. 0. 0. 0. 0. 0. 0. 0. 0. 0. 0.]
 [0. 0. 0. 0. 0. 0. 0. 0. 0. 0. 0. 0. 0. 0. 0. 0.]
 [0. 0. 0. 0. 0. 0. 0. 0. 0. 0. 0. 0. 0. 0. 0. 0.]
 [0. 0. 0. 0. 0. 0. 0. 0. 0. 0. 0. 0. 0. 0. 0. 0.]
 [1. 0. 0. 0. 0. 0. 0. 0. 0. 0. 0. 0. 0. 0. 0. 1.]
 [0. 0. 0. 0. 0. 0. 0. 0. 0. 0. 0. 0. 0. 0. 0. 0.]
 [0. 0. 0. 0. 0. 0. 0. 0. 0. 0. 0. 0. 0. 0. 0. 0.]
 [0. 0. 0. 0. 0. 0. 0. 0. 0. 0. 0. 0. 0. 0. 0. 0.]
 [0. 0. 0. 0. 0. 0. 0. 0. 0. 0. 0. 0. 0. 0. 0. 0.]
 [1. 0. 0. 0. 0. 0. 0. 0. 0. 0. 0. 0. 0. 0. 0. 1.]]
Eigenvalues:
[2. 0. 0. 0. 0. 0. 0. 0. 0. 0. 0. 0. 0. 0. 0. 0.]


2 QUBITs: X2Y2 ERASED
Quantum channel:
[[1. 0. 0. 0. 0. 0. 0. 0. 0. 0. 0. 0. 0. 0. 0. 0.]
 [0. 0. 0. 0. 0. 0. 0. 0. 0. 0. 0. 0. 0. 0. 0. 0.]
 [0. 0. 0. 0. 0. 0. 0. 0. 0. 0. 0. 0. 0. 0. 0. 0.]
 [0. 0. 0. 1. 0. 0. 0. 0. 0. 0. 0. 0. 0. 0. 0. 0.]
 [0. 0. 0. 0. 1. 0. 0. 0. 0. 0. 0. 0. 0. 0. 0. 0.]
 [0. 0. 0. 0. 0. 0. 0. 0. 0. 0. 0. 0. 0. 0. 0. 0.]
 [0. 0. 0. 0. 0. 0. 0. 0. 0. 0. 0. 0. 0. 0. 0. 0.]
 [0. 0. 0. 0. 0. 0. 0. 1. 0. 0. 0. 0. 0. 0. 0. 0.]
 [0. 0. 0. 0. 0. 0. 0. 0. 1. 0. 0. 0. 0. 0. 0. 0.]
 [0. 0. 0. 0. 0. 0. 0. 0. 0. 0. 0. 0. 0. 0. 0. 0.]
 [0. 0. 0. 0. 0. 0. 0. 0. 0. 0. 0. 0. 0. 0. 0. 0.]
 [0. 0. 0. 0. 0. 0. 0. 0. 0. 0. 0. 1. 0. 0. 0. 0.]
 [0. 0. 0. 0. 0. 0. 0. 0. 0. 0. 0. 0. 1. 0. 0. 0.]
 [0. 0. 0. 0. 0. 0. 0. 0. 0. 0. 0. 0. 0. 0. 0. 0.]
 [0. 0. 0. 0. 0. 0. 0. 0. 0. 0. 0. 0. 0. 0. 0. 0.]
 [0. 0. 0. 0. 0. 0. 0. 0. 0. 0. 0. 0. 0. 0. 0. 1.]]

Dynamical matrix:  **D not hermitian, so cannot be the D matrix of a physical channel 
[[1. 0. 0. 0. 0. 0. 0. 0. 0. 0. 0. 0. 0. 0. 0. 1.]
 [0. 0. 0. 0. 0. 0. 0. 0. 0. 0. 0. 0. 0. 0. 0. 0.]
 [0. 0. 0. 0. 0. 0. 0. 0. 0. 0. 0. 0. 0. 0. 0. 0.]
 [0. 0. 0. 0. 0. 0. 0. 0. 0. 0. 0. 0. 0. 0. 0. 0.]
 [0. 0. 0. 0. 0. 0. 0. 0. 0. 0. 0. 0. 0. 0. 0. 0.]
 [1. 0. 0. 0. 0. 0. 0. 0. 0. 0. 0. 0. 0. 0. 0. 1.]
 [0. 0. 0. 0. 0. 0. 0. 0. 0. 0. 0. 0. 0. 0. 0. 0.]
 [0. 0. 0. 0. 0. 0. 0. 0. 0. 0. 0. 0. 0. 0. 0. 0.]
 [0. 0. 0. 0. 0. 0. 0. 0. 0. 0. 0. 0. 0. 0. 0. 0.]
 [0. 0. 0. 0. 0. 0. 0. 0. 0. 0. 0. 0. 0. 0. 0. 0.]
 [1. 0. 0. 0. 0. 0. 0. 0. 0. 0. 0. 0. 0. 0. 0. 1.]
 [0. 0. 0. 0. 0. 0. 0. 0. 0. 0. 0. 0. 0. 0. 0. 0.]
 [0. 0. 0. 0. 0. 0. 0. 0. 0. 0. 0. 0. 0. 0. 0. 0.]
 [0. 0. 0. 0. 0. 0. 0. 0. 0. 0. 0. 0. 0. 0. 0. 0.]
 [0. 0. 0. 0. 0. 0. 0. 0. 0. 0. 0. 0. 0. 0. 0. 0.]
 [1. 0. 0. 0. 0. 0. 0. 0. 0. 0. 0. 0. 0. 0. 0. 1.]]

Adjoint of the dynamical matrix:
[[1. 0. 0. 0. 0. 1. 0. 0. 0. 0. 1. 0. 0. 0. 0. 1.]
 [0. 0. 0. 0. 0. 0. 0. 0. 0. 0. 0. 0. 0. 0. 0. 0.]
 [0. 0. 0. 0. 0. 0. 0. 0. 0. 0. 0. 0. 0. 0. 0. 0.]
 [0. 0. 0. 0. 0. 0. 0. 0. 0. 0. 0. 0. 0. 0. 0. 0.]
 [0. 0. 0. 0. 0. 0. 0. 0. 0. 0. 0. 0. 0. 0. 0. 0.]
 [0. 0. 0. 0. 0. 0. 0. 0. 0. 0. 0. 0. 0. 0. 0. 0.]
 [0. 0. 0. 0. 0. 0. 0. 0. 0. 0. 0. 0. 0. 0. 0. 0.]
 [0. 0. 0. 0. 0. 0. 0. 0. 0. 0. 0. 0. 0. 0. 0. 0.]
 [0. 0. 0. 0. 0. 0. 0. 0. 0. 0. 0. 0. 0. 0. 0. 0.]
 [0. 0. 0. 0. 0. 0. 0. 0. 0. 0. 0. 0. 0. 0. 0. 0.]
 [0. 0. 0. 0. 0. 0. 0. 0. 0. 0. 0. 0. 0. 0. 0. 0.]
 [0. 0. 0. 0. 0. 0. 0. 0. 0. 0. 0. 0. 0. 0. 0. 0.]
 [0. 0. 0. 0. 0. 0. 0. 0. 0. 0. 0. 0. 0. 0. 0. 0.]
 [0. 0. 0. 0. 0. 0. 0. 0. 0. 0. 0. 0. 0. 0. 0. 0.]
 [0. 0. 0. 0. 0. 0. 0. 0. 0. 0. 0. 0. 0. 0. 0. 0.]
 [1. 0. 0. 0. 0. 1. 0. 0. 0. 0. 1. 0. 0. 0. 0. 1.]]
Eigenvalues:
[0. 0. 2. 0. 0. 0. 0. 0. 0. 0. 0. 0. 0. 0. 0. 0.]


2 QUBITs: Y1Z1 ERASED
Quantum channel:
[[0.5 0.  0.  0.  0.  0.  0.  0.  0.  0.  0.  0.  0.5 0.  0.  0. ]
 [0.  0.5 0.  0.  0.  0.  0.  0.  0.  0.  0.  0.  0.  0.5 0.  0. ]
 [0.  0.  0.5 0.  0.  0.  0.  0.  0.  0.  0.  0.  0.  0.  0.5 0. ]
 [0.  0.  0.  0.5 0.  0.  0.  0.  0.  0.  0.  0.  0.  0.  0.  0.5]
 [0.  0.  0.  0.  0.5 0.  0.  0.  0.5 0.  0.  0.  0.  0.  0.  0. ]
 [0.  0.  0.  0.  0.  0.5 0.  0.  0.  0.5 0.  0.  0.  0.  0.  0. ]
 [0.  0.  0.  0.  0.  0.  0.5 0.  0.  0.  0.5 0.  0.  0.  0.  0. ]
 [0.  0.  0.  0.  0.  0.  0.  0.5 0.  0.  0.  0.5 0.  0.  0.  0. ]
 [0.  0.  0.  0.  0.5 0.  0.  0.  0.5 0.  0.  0.  0.  0.  0.  0. ]
 [0.  0.  0.  0.  0.  0.5 0.  0.  0.  0.5 0.  0.  0.  0.  0.  0. ]
 [0.  0.  0.  0.  0.  0.  0.5 0.  0.  0.  0.5 0.  0.  0.  0.  0. ]
 [0.  0.  0.  0.  0.  0.  0.  0.5 0.  0.  0.  0.5 0.  0.  0.  0. ]
 [0.5 0.  0.  0.  0.  0.  0.  0.  0.  0.  0.  0.  0.5 0.  0.  0. ]
 [0.  0.5 0.  0.  0.  0.  0.  0.  0.  0.  0.  0.  0.  0.5 0.  0. ]
 [0.  0.  0.5 0.  0.  0.  0.  0.  0.  0.  0.  0.  0.  0.  0.5 0. ]
 [0.  0.  0.  0.5 0.  0.  0.  0.  0.  0.  0.  0.  0.  0.  0.  0.5]]

Dynamical matrix:   **D not hermitian, so cannot be the D matrix of a physical channel 
[[0.5 0.  0.  0.  0.  0.5 0.  0.  0.  0.  0.5 0.  0.  0.  0.  0.5]
 [0.  0.  0.  0.  0.  0.  0.  0.  0.  0.  0.  0.  0.  0.  0.  0. ]
 [0.  0.  0.  0.  0.  0.  0.  0.  0.  0.  0.  0.  0.  0.  0.  0. ]
 [0.5 0.  0.  0.  0.  0.5 0.  0.  0.  0.  0.5 0.  0.  0.  0.  0.5]
 [0.  0.  0.  0.  0.  0.  0.  0.  0.  0.  0.  0.  0.  0.  0.  0. ]
 [0.5 0.  0.  0.  0.  0.5 0.  0.  0.  0.  0.5 0.  0.  0.  0.  0.5]
 [0.5 0.  0.  0.  0.  0.5 0.  0.  0.  0.  0.5 0.  0.  0.  0.  0.5]
 [0.  0.  0.  0.  0.  0.  0.  0.  0.  0.  0.  0.  0.  0.  0.  0. ]
 [0.  0.  0.  0.  0.  0.  0.  0.  0.  0.  0.  0.  0.  0.  0.  0. ]
 [0.5 0.  0.  0.  0.  0.5 0.  0.  0.  0.  0.5 0.  0.  0.  0.  0.5]
 [0.5 0.  0.  0.  0.  0.5 0.  0.  0.  0.  0.5 0.  0.  0.  0.  0.5]
 [0.  0.  0.  0.  0.  0.  0.  0.  0.  0.  0.  0.  0.  0.  0.  0. ]
 [0.5 0.  0.  0.  0.  0.5 0.  0.  0.  0.  0.5 0.  0.  0.  0.  0.5]
 [0.  0.  0.  0.  0.  0.  0.  0.  0.  0.  0.  0.  0.  0.  0.  0. ]
 [0.  0.  0.  0.  0.  0.  0.  0.  0.  0.  0.  0.  0.  0.  0.  0. ]
 [0.5 0.  0.  0.  0.  0.5 0.  0.  0.  0.  0.5 0.  0.  0.  0.  0.5]]

Adjoint of the dynamical matrix:  **D no hermítica, entonces no puede representar la D de un canal físico
[[0.5 0.  0.  0.5 0.  0.5 0.5 0.  0.  0.5 0.5 0.  0.5 0.  0.  0.5]
 [0.  0.  0.  0.  0.  0.  0.  0.  0.  0.  0.  0.  0.  0.  0.  0. ]
 [0.  0.  0.  0.  0.  0.  0.  0.  0.  0.  0.  0.  0.  0.  0.  0. ]
 [0.  0.  0.  0.  0.  0.  0.  0.  0.  0.  0.  0.  0.  0.  0.  0. ]
 [0.  0.  0.  0.  0.  0.  0.  0.  0.  0.  0.  0.  0.  0.  0.  0. ]
 [0.5 0.  0.  0.5 0.  0.5 0.5 0.  0.  0.5 0.5 0.  0.5 0.  0.  0.5]
 [0.  0.  0.  0.  0.  0.  0.  0.  0.  0.  0.  0.  0.  0.  0.  0. ]
 [0.  0.  0.  0.  0.  0.  0.  0.  0.  0.  0.  0.  0.  0.  0.  0. ]
 [0.  0.  0.  0.  0.  0.  0.  0.  0.  0.  0.  0.  0.  0.  0.  0. ]
 [0.  0.  0.  0.  0.  0.  0.  0.  0.  0.  0.  0.  0.  0.  0.  0. ]
 [0.5 0.  0.  0.5 0.  0.5 0.5 0.  0.  0.5 0.5 0.  0.5 0.  0.  0.5]
 [0.  0.  0.  0.  0.  0.  0.  0.  0.  0.  0.  0.  0.  0.  0.  0. ]
 [0.  0.  0.  0.  0.  0.  0.  0.  0.  0.  0.  0.  0.  0.  0.  0. ]
 [0.  0.  0.  0.  0.  0.  0.  0.  0.  0.  0.  0.  0.  0.  0.  0. ]
 [0.  0.  0.  0.  0.  0.  0.  0.  0.  0.  0.  0.  0.  0.  0.  0. ]
 [0.5 0.  0.  0.5 0.  0.5 0.5 0.  0.  0.5 0.5 0.  0.5 0.  0.  0.5]]
Eigenvalues:
[ 0  0  0  0
  0  2  0  0
  0  0  0  0
  0  0  0  0]


2 QUBITs: Y2Z2 ERASED
Quantum channel:
[[0.5 0.  0.  0.5 0.  0.  0.  0.  0.  0.  0.  0.  0.  0.  0.  0. ]
 [0.  0.5 0.5 0.  0.  0.  0.  0.  0.  0.  0.  0.  0.  0.  0.  0. ]
 [0.  0.5 0.5 0.  0.  0.  0.  0.  0.  0.  0.  0.  0.  0.  0.  0. ]
 [0.5 0.  0.  0.5 0.  0.  0.  0.  0.  0.  0.  0.  0.  0.  0.  0. ]
 [0.  0.  0.  0.  0.5 0.  0.  0.5 0.  0.  0.  0.  0.  0.  0.  0. ]
 [0.  0.  0.  0.  0.  0.5 0.5 0.  0.  0.  0.  0.  0.  0.  0.  0. ]
 [0.  0.  0.  0.  0.  0.5 0.5 0.  0.  0.  0.  0.  0.  0.  0.  0. ]
 [0.  0.  0.  0.  0.5 0.  0.  0.5 0.  0.  0.  0.  0.  0.  0.  0. ]
 [0.  0.  0.  0.  0.  0.  0.  0.  0.5 0.  0.  0.5 0.  0.  0.  0. ]
 [0.  0.  0.  0.  0.  0.  0.  0.  0.  0.5 0.5 0.  0.  0.  0.  0. ]
 [0.  0.  0.  0.  0.  0.  0.  0.  0.  0.5 0.5 0.  0.  0.  0.  0. ]
 [0.  0.  0.  0.  0.  0.  0.  0.  0.5 0.  0.  0.5 0.  0.  0.  0. ]
 [0.  0.  0.  0.  0.  0.  0.  0.  0.  0.  0.  0.  0.5 0.  0.  0.5]
 [0.  0.  0.  0.  0.  0.  0.  0.  0.  0.  0.  0.  0.  0.5 0.5 0. ]
 [0.  0.  0.  0.  0.  0.  0.  0.  0.  0.  0.  0.  0.  0.5 0.5 0. ]
 [0.  0.  0.  0.  0.  0.  0.  0.  0.  0.  0.  0.  0.5 0.  0.  0.5]]

Dynamical matrix:    **D not hermitian, so cannot be the D matrix of a physical channel 
[[0.5 0.  0.  0.5 0.  0.5 0.5 0.  0.  0.5 0.5 0.  0.5 0.  0.  0.5]
 [0.  0.  0.  0.  0.  0.  0.  0.  0.  0.  0.  0.  0.  0.  0.  0. ]
 [0.  0.  0.  0.  0.  0.  0.  0.  0.  0.  0.  0.  0.  0.  0.  0. ]
 [0.  0.  0.  0.  0.  0.  0.  0.  0.  0.  0.  0.  0.  0.  0.  0. ]
 [0.  0.  0.  0.  0.  0.  0.  0.  0.  0.  0.  0.  0.  0.  0.  0. ]
 [0.5 0.  0.  0.5 0.  0.5 0.5 0.  0.  0.5 0.5 0.  0.5 0.  0.  0.5]
 [0.  0.  0.  0.  0.  0.  0.  0.  0.  0.  0.  0.  0.  0.  0.  0. ]
 [0.  0.  0.  0.  0.  0.  0.  0.  0.  0.  0.  0.  0.  0.  0.  0. ]
 [0.  0.  0.  0.  0.  0.  0.  0.  0.  0.  0.  0.  0.  0.  0.  0. ]
 [0.  0.  0.  0.  0.  0.  0.  0.  0.  0.  0.  0.  0.  0.  0.  0. ]
 [0.5 0.  0.  0.5 0.  0.5 0.5 0.  0.  0.5 0.5 0.  0.5 0.  0.  0.5]
 [0.  0.  0.  0.  0.  0.  0.  0.  0.  0.  0.  0.  0.  0.  0.  0. ]
 [0.  0.  0.  0.  0.  0.  0.  0.  0.  0.  0.  0.  0.  0.  0.  0. ]
 [0.  0.  0.  0.  0.  0.  0.  0.  0.  0.  0.  0.  0.  0.  0.  0. ]
 [0.  0.  0.  0.  0.  0.  0.  0.  0.  0.  0.  0.  0.  0.  0.  0. ]
 [0.5 0.  0.  0.5 0.  0.5 0.5 0.  0.  0.5 0.5 0.  0.5 0.  0.  0.5]]

Adjoint of the dynamical matrix:
[[0.5 0.  0.  0.  0.  0.5 0.  0.  0.  0.  0.5 0.  0.  0.  0.  0.5]
 [0.  0.  0.  0.  0.  0.  0.  0.  0.  0.  0.  0.  0.  0.  0.  0. ]
 [0.  0.  0.  0.  0.  0.  0.  0.  0.  0.  0.  0.  0.  0.  0.  0. ]
 [0.5 0.  0.  0.  0.  0.5 0.  0.  0.  0.  0.5 0.  0.  0.  0.  0.5]
 [0.  0.  0.  0.  0.  0.  0.  0.  0.  0.  0.  0.  0.  0.  0.  0. ]
 [0.5 0.  0.  0.  0.  0.5 0.  0.  0.  0.  0.5 0.  0.  0.  0.  0.5]
 [0.5 0.  0.  0.  0.  0.5 0.  0.  0.  0.  0.5 0.  0.  0.  0.  0.5]
 [0.  0.  0.  0.  0.  0.  0.  0.  0.  0.  0.  0.  0.  0.  0.  0. ]
 [0.  0.  0.  0.  0.  0.  0.  0.  0.  0.  0.  0.  0.  0.  0.  0. ]
 [0.5 0.  0.  0.  0.  0.5 0.  0.  0.  0.  0.5 0.  0.  0.  0.  0.5]
 [0.5 0.  0.  0.  0.  0.5 0.  0.  0.  0.  0.5 0.  0.  0.  0.  0.5]
 [0.  0.  0.  0.  0.  0.  0.  0.  0.  0.  0.  0.  0.  0.  0.  0. ]
 [0.5 0.  0.  0.  0.  0.5 0.  0.  0.  0.  0.5 0.  0.  0.  0.  0.5]
 [0.  0.  0.  0.  0.  0.  0.  0.  0.  0.  0.  0.  0.  0.  0.  0. ]
 [0.  0.  0.  0.  0.  0.  0.  0.  0.  0.  0.  0.  0.  0.  0.  0. ]
 [0.5 0.  0.  0.  0.  0.5 0.  0.  0.  0.  0.5 0.  0.  0.  0.  0.5]]
Eigenvalues:
[0  2  0  0
 0  0  0  0
 0  0  0  0
 0  0  0  0]


2 QUBITs: X1Z1 ERASED
Quantum channel:
[[ 0.5  0.   0.   0.   0.   0.   0.   0.   0.   0.   0.   0.   0.5  0.
   0.   0. ]
 [ 0.   0.5  0.   0.   0.   0.   0.   0.   0.   0.   0.   0.   0.   0.5
   0.   0. ]
 [ 0.   0.   0.5  0.   0.   0.   0.   0.   0.   0.   0.   0.   0.   0.
   0.5  0. ]
 [ 0.   0.   0.   0.5  0.   0.   0.   0.   0.   0.   0.   0.   0.   0.
   0.   0.5]
 [ 0.   0.   0.   0.   0.5  0.   0.   0.  -0.5 -0.  -0.  -0.   0.   0.
   0.   0. ]
 [ 0.   0.   0.   0.   0.   0.5  0.   0.  -0.  -0.5 -0.  -0.   0.   0.
   0.   0. ]
 [ 0.   0.   0.   0.   0.   0.   0.5  0.  -0.  -0.  -0.5 -0.   0.   0.
   0.   0. ]
 [ 0.   0.   0.   0.   0.   0.   0.   0.5 -0.  -0.  -0.  -0.5  0.   0.
   0.   0. ]
 [ 0.   0.   0.   0.  -0.5 -0.  -0.  -0.   0.5  0.   0.   0.   0.   0.
   0.   0. ]
 [ 0.   0.   0.   0.  -0.  -0.5 -0.  -0.   0.   0.5  0.   0.   0.   0.
   0.   0. ]
 [ 0.   0.   0.   0.  -0.  -0.  -0.5 -0.   0.   0.   0.5  0.   0.   0.
   0.   0. ]
 [ 0.   0.   0.   0.  -0.  -0.  -0.  -0.5  0.   0.   0.   0.5  0.   0.
   0.   0. ]
 [ 0.5  0.   0.   0.   0.   0.   0.   0.   0.   0.   0.   0.   0.5  0.
   0.   0. ]
 [ 0.   0.5  0.   0.   0.   0.   0.   0.   0.   0.   0.   0.   0.   0.5
   0.   0. ]
 [ 0.   0.   0.5  0.   0.   0.   0.   0.   0.   0.   0.   0.   0.   0.
   0.5  0. ]
 [ 0.   0.   0.   0.5  0.   0.   0.   0.   0.   0.   0.   0.   0.   0.
   0.   0.5]]

Dynamical matrix:  **D not hermitian, so cannot be the D matrix of a physical channel 
[[ 0.5  0.   0.   0.   0.   0.5  0.   0.   0.   0.   0.5  0.   0.   0.
   0.   0.5]
 [ 0.   0.   0.   0.   0.   0.   0.   0.   0.   0.   0.   0.   0.   0.
   0.   0. ]
 [ 0.   0.   0.   0.   0.   0.   0.   0.   0.   0.   0.   0.   0.   0.
   0.   0. ]
 [ 0.5  0.   0.   0.   0.   0.5  0.   0.   0.   0.   0.5  0.   0.   0.
   0.   0.5]
 [ 0.   0.   0.   0.   0.   0.   0.   0.   0.   0.   0.   0.   0.   0.
   0.   0. ]
 [ 0.5  0.   0.   0.   0.   0.5  0.   0.   0.   0.   0.5  0.   0.   0.
   0.   0.5]
 [-0.5 -0.  -0.  -0.  -0.  -0.5 -0.  -0.  -0.  -0.  -0.5 -0.  -0.  -0.
  -0.  -0.5]
 [ 0.   0.   0.   0.   0.   0.   0.   0.   0.   0.   0.   0.   0.   0.
   0.   0. ]
 [ 0.   0.   0.   0.   0.   0.   0.   0.   0.   0.   0.   0.   0.   0.
   0.   0. ]
 [-0.5 -0.  -0.  -0.  -0.  -0.5 -0.  -0.  -0.  -0.  -0.5 -0.  -0.  -0.
  -0.  -0.5]
 [ 0.5  0.   0.   0.   0.   0.5  0.   0.   0.   0.   0.5  0.   0.   0.
   0.   0.5]
 [ 0.   0.   0.   0.   0.   0.   0.   0.   0.   0.   0.   0.   0.   0.
   0.   0. ]
 [ 0.5  0.   0.   0.   0.   0.5  0.   0.   0.   0.   0.5  0.   0.   0.
   0.   0.5]
 [ 0.   0.   0.   0.   0.   0.   0.   0.   0.   0.   0.   0.   0.   0.
   0.   0. ]
 [ 0.   0.   0.   0.   0.   0.   0.   0.   0.   0.   0.   0.   0.   0.
   0.   0. ]
 [ 0.5  0.   0.   0.   0.   0.5  0.   0.   0.   0.   0.5  0.   0.   0.
   0.   0.5]]

Adjoint of the dynamical matrix:
[[ 0.5  0.   0.   0.5  0.   0.5 -0.5  0.   0.  -0.5  0.5  0.   0.5  0.
   0.   0.5]
 [ 0.   0.   0.   0.   0.   0.  -0.   0.   0.  -0.   0.   0.   0.   0.
   0.   0. ]
 [ 0.   0.   0.   0.   0.   0.  -0.   0.   0.  -0.   0.   0.   0.   0.
   0.   0. ]
 [ 0.   0.   0.   0.   0.   0.  -0.   0.   0.  -0.   0.   0.   0.   0.
   0.   0. ]
 [ 0.   0.   0.   0.   0.   0.  -0.   0.   0.  -0.   0.   0.   0.   0.
   0.   0. ]
 [ 0.5  0.   0.   0.5  0.   0.5 -0.5  0.   0.  -0.5  0.5  0.   0.5  0.
   0.   0.5]
 [ 0.   0.   0.   0.   0.   0.  -0.   0.   0.  -0.   0.   0.   0.   0.
   0.   0. ]
 [ 0.   0.   0.   0.   0.   0.  -0.   0.   0.  -0.   0.   0.   0.   0.
   0.   0. ]
 [ 0.   0.   0.   0.   0.   0.  -0.   0.   0.  -0.   0.   0.   0.   0.
   0.   0. ]
 [ 0.   0.   0.   0.   0.   0.  -0.   0.   0.  -0.   0.   0.   0.   0.
   0.   0. ]
 [ 0.5  0.   0.   0.5  0.   0.5 -0.5  0.   0.  -0.5  0.5  0.   0.5  0.
   0.   0.5]
 [ 0.   0.   0.   0.   0.   0.  -0.   0.   0.  -0.   0.   0.   0.   0.
   0.   0. ]
 [ 0.   0.   0.   0.   0.   0.  -0.   0.   0.  -0.   0.   0.   0.   0.
   0.   0. ]
 [ 0.   0.   0.   0.   0.   0.  -0.   0.   0.  -0.   0.   0.   0.   0.
   0.   0. ]
 [ 0.   0.   0.   0.   0.   0.  -0.   0.   0.  -0.   0.   0.   0.   0.
   0.   0. ]
 [ 0.5  0.   0.   0.5  0.   0.5 -0.5  0.   0.  -0.5  0.5  0.   0.5  0.
   0.   0.5]]
Eigenvalues:
[ 0.00000000e+00 -0.00000000e+00  0.00000000e+00 -0.00000000e+00
 -2.22044605e-16  2.00000000e+00  0.00000000e+00  0.00000000e+00
  0.00000000e+00  0.00000000e+00  0.00000000e+00  0.00000000e+00
  0.00000000e+00  0.00000000e+00  0.00000000e+00  0.00000000e+00]


2 QUBITs: X2Z2 ERASED
Quantum channel:
[[ 0.5  0.   0.   0.5  0.   0.   0.   0.   0.   0.   0.   0.   0.   0.
   0.   0. ]
 [ 0.   0.5 -0.5  0.   0.   0.  -0.   0.   0.   0.  -0.   0.   0.   0.
  -0.   0. ]
 [ 0.  -0.5  0.5  0.   0.  -0.   0.   0.   0.  -0.   0.   0.   0.  -0.
   0.   0. ]
 [ 0.5  0.   0.   0.5  0.   0.   0.   0.   0.   0.   0.   0.   0.   0.
   0.   0. ]
 [ 0.   0.   0.   0.   0.5  0.   0.   0.5  0.   0.   0.   0.   0.   0.
   0.   0. ]
 [ 0.   0.  -0.   0.   0.   0.5 -0.5  0.   0.   0.  -0.   0.   0.   0.
  -0.   0. ]
 [ 0.  -0.   0.   0.   0.  -0.5  0.5  0.   0.  -0.   0.   0.   0.  -0.
   0.   0. ]
 [ 0.   0.   0.   0.   0.5  0.   0.   0.5  0.   0.   0.   0.   0.   0.
   0.   0. ]
 [ 0.   0.   0.   0.   0.   0.   0.   0.   0.5  0.   0.   0.5  0.   0.
   0.   0. ]
 [ 0.   0.  -0.   0.   0.   0.  -0.   0.   0.   0.5 -0.5  0.   0.   0.
  -0.   0. ]
 [ 0.  -0.   0.   0.   0.  -0.   0.   0.   0.  -0.5  0.5  0.   0.  -0.
   0.   0. ]
 [ 0.   0.   0.   0.   0.   0.   0.   0.   0.5  0.   0.   0.5  0.   0.
   0.   0. ]
 [ 0.   0.   0.   0.   0.   0.   0.   0.   0.   0.   0.   0.   0.5  0.
   0.   0.5]
 [ 0.   0.  -0.   0.   0.   0.  -0.   0.   0.   0.  -0.   0.   0.   0.5
  -0.5  0. ]
 [ 0.  -0.   0.   0.   0.  -0.   0.   0.   0.  -0.   0.   0.   0.  -0.5
   0.5  0. ]
 [ 0.   0.   0.   0.   0.   0.   0.   0.   0.   0.   0.   0.   0.5  0.
   0.   0.5]]

Dynamical matrix:   **D not hermitian, so cannot be the D matrix of a physical channel 
[[ 0.5  0.   0.   0.5  0.   0.5 -0.5  0.   0.  -0.5  0.5  0.   0.5  0.
   0.   0.5]
 [ 0.   0.   0.   0.   0.   0.  -0.   0.   0.  -0.   0.   0.   0.   0.
   0.   0. ]
 [ 0.   0.   0.   0.   0.   0.  -0.   0.   0.  -0.   0.   0.   0.   0.
   0.   0. ]
 [ 0.   0.   0.   0.   0.   0.  -0.   0.   0.  -0.   0.   0.   0.   0.
   0.   0. ]
 [ 0.   0.   0.   0.   0.   0.  -0.   0.   0.  -0.   0.   0.   0.   0.
   0.   0. ]
 [ 0.5  0.   0.   0.5  0.   0.5 -0.5  0.   0.  -0.5  0.5  0.   0.5  0.
   0.   0.5]
 [ 0.   0.   0.   0.   0.   0.  -0.   0.   0.  -0.   0.   0.   0.   0.
   0.   0. ]
 [ 0.   0.   0.   0.   0.   0.  -0.   0.   0.  -0.   0.   0.   0.   0.
   0.   0. ]
 [ 0.   0.   0.   0.   0.   0.  -0.   0.   0.  -0.   0.   0.   0.   0.
   0.   0. ]
 [ 0.   0.   0.   0.   0.   0.  -0.   0.   0.  -0.   0.   0.   0.   0.
   0.   0. ]
 [ 0.5  0.   0.   0.5  0.   0.5 -0.5  0.   0.  -0.5  0.5  0.   0.5  0.
   0.   0.5]
 [ 0.   0.   0.   0.   0.   0.  -0.   0.   0.  -0.   0.   0.   0.   0.
   0.   0. ]
 [ 0.   0.   0.   0.   0.   0.  -0.   0.   0.  -0.   0.   0.   0.   0.
   0.   0. ]
 [ 0.   0.   0.   0.   0.   0.  -0.   0.   0.  -0.   0.   0.   0.   0.
   0.   0. ]
 [ 0.   0.   0.   0.   0.   0.  -0.   0.   0.  -0.   0.   0.   0.   0.
   0.   0. ]
 [ 0.5  0.   0.   0.5  0.   0.5 -0.5  0.   0.  -0.5  0.5  0.   0.5  0.
   0.   0.5]]

Adjoint of the dynamical matrix:
[[ 0.5  0.   0.   0.   0.   0.5  0.   0.   0.   0.   0.5  0.   0.   0.
   0.   0.5]
 [ 0.   0.   0.   0.   0.   0.   0.   0.   0.   0.   0.   0.   0.   0.
   0.   0. ]
 [ 0.   0.   0.   0.   0.   0.   0.   0.   0.   0.   0.   0.   0.   0.
   0.   0. ]
 [ 0.5  0.   0.   0.   0.   0.5  0.   0.   0.   0.   0.5  0.   0.   0.
   0.   0.5]
 [ 0.   0.   0.   0.   0.   0.   0.   0.   0.   0.   0.   0.   0.   0.
   0.   0. ]
 [ 0.5  0.   0.   0.   0.   0.5  0.   0.   0.   0.   0.5  0.   0.   0.
   0.   0.5]
 [-0.5 -0.  -0.  -0.  -0.  -0.5 -0.  -0.  -0.  -0.  -0.5 -0.  -0.  -0.
  -0.  -0.5]
 [ 0.   0.   0.   0.   0.   0.   0.   0.   0.   0.   0.   0.   0.   0.
   0.   0. ]
 [ 0.   0.   0.   0.   0.   0.   0.   0.   0.   0.   0.   0.   0.   0.
   0.   0. ]
 [-0.5 -0.  -0.  -0.  -0.  -0.5 -0.  -0.  -0.  -0.  -0.5 -0.  -0.  -0.
  -0.  -0.5]
 [ 0.5  0.   0.   0.   0.   0.5  0.   0.   0.   0.   0.5  0.   0.   0.
   0.   0.5]
 [ 0.   0.   0.   0.   0.   0.   0.   0.   0.   0.   0.   0.   0.   0.
   0.   0. ]
 [ 0.5  0.   0.   0.   0.   0.5  0.   0.   0.   0.   0.5  0.   0.   0.
   0.   0.5]
 [ 0.   0.   0.   0.   0.   0.   0.   0.   0.   0.   0.   0.   0.   0.
   0.   0. ]
 [ 0.   0.   0.   0.   0.   0.   0.   0.   0.   0.   0.   0.   0.   0.
   0.   0. ]
 [ 0.5  0.   0.   0.   0.   0.5  0.   0.   0.   0.   0.5  0.   0.   0.
   0.   0.5]]
Eigenvalues:
[-2.22044605e-16  2.00000000e+00  0.00000000e+00  0.00000000e+00
  0.00000000e+00  0.00000000e+00  0.00000000e+00  0.00000000e+00
 -0.00000000e+00  0.00000000e+00  0.00000000e+00 -0.00000000e+00
  0.00000000e+00  0.00000000e+00  0.00000000e+00  0.00000000e+00]

-----------------------------------------------------------------------------------------------------------------------------------------
3 QUBITs: X1Y1 ERASED
Quantum channel:
[[1. 0. 0. ... 0. 0. 0.]
 [0. 1. 0. ... 0. 0. 0.]
 [0. 0. 1. ... 0. 0. 0.]
 ...
 [0. 0. 0. ... 1. 0. 0.]
 [0. 0. 0. ... 0. 1. 0.]
 [0. 0. 0. ... 0. 0. 1.]]

Dynamical matrix:
[[1. 0. 0. ... 0. 0. 1.]
 [0. 0. 0. ... 0. 0. 0.]
 [0. 0. 0. ... 0. 0. 0.]
 ...
 [0. 0. 0. ... 0. 0. 0.]
 [0. 0. 0. ... 0. 0. 0.]
 [1. 0. 0. ... 0. 0. 1.]]

Adjoint of the dynamical matrix:
[[1. 0. 0. ... 0. 0. 1.]
 [0. 0. 0. ... 0. 0. 0.]
 [0. 0. 0. ... 0. 0. 0.]
 ...
 [0. 0. 0. ... 0. 0. 0.]
 [0. 0. 0. ... 0. 0. 0.]
 [1. 0. 0. ... 0. 0. 1.]]
Eigenvalues:
[0. 4. 0. 0. 0. 0. 0. 0. 0. 0. 0. 0. 0. 0. 0. 0. 0. 0. 0. 0. 0. 0. 0. 0.
 0. 0. 0. 0. 0. 0. 0. 0. 0. 0. 0. 0. 0. 0. 0. 0. 0. 0. 0. 0. 0. 0. 0. 0.
 0. 0. 0. 0. 0. 0. 0. 0. 0. 0. 0. 0. 0. 0. 0. 0.]


2 QUBITs: X1Y1X2Y2 ERASED
Quantum channel:
[[1 0 0 0 0 0 0 0 0 0 0 0 0 0 0 0]
 [0 0 0 0 0 0 0 0 0 0 0 0 0 0 0 0]
 [0 0 0 0 0 0 0 0 0 0 0 0 0 0 0 0]
 [0 0 0 1 0 0 0 0 0 0 0 0 0 0 0 0]
 [0 0 0 0 0 0 0 0 0 0 0 0 0 0 0 0]
 [0 0 0 0 0 0 0 0 0 0 0 0 0 0 0 0]
 [0 0 0 0 0 0 0 0 0 0 0 0 0 0 0 0]
 [0 0 0 0 0 0 0 0 0 0 0 0 0 0 0 0]
 [0 0 0 0 0 0 0 0 0 0 0 0 0 0 0 0]
 [0 0 0 0 0 0 0 0 0 0 0 0 0 0 0 0]
 [0 0 0 0 0 0 0 0 0 0 0 0 0 0 0 0]
 [0 0 0 0 0 0 0 0 0 0 0 0 0 0 0 0]
 [0 0 0 0 0 0 0 0 0 0 0 0 1 0 0 0]
 [0 0 0 0 0 0 0 0 0 0 0 0 0 0 0 0]
 [0 0 0 0 0 0 0 0 0 0 0 0 0 0 0 0]
 [0 0 0 0 0 0 0 0 0 0 0 0 0 0 0 1]]

Dynamical matrix:
[[1. 0. 0. 0. 0. 0. 0. 0. 0. 0. 0. 0. 0. 0. 0. 1.]
 [0. 0. 0. 0. 0. 0. 0. 0. 0. 0. 0. 0. 0. 0. 0. 0.]
 [0. 0. 0. 0. 0. 0. 0. 0. 0. 0. 0. 0. 0. 0. 0. 0.]
 [0. 0. 0. 0. 0. 0. 0. 0. 0. 0. 0. 0. 0. 0. 0. 0.]
 [0. 0. 0. 0. 0. 0. 0. 0. 0. 0. 0. 0. 0. 0. 0. 0.]
 [0. 0. 0. 0. 0. 0. 0. 0. 0. 0. 0. 0. 0. 0. 0. 0.]
 [0. 0. 0. 0. 0. 0. 0. 0. 0. 0. 0. 0. 0. 0. 0. 0.]
 [0. 0. 0. 0. 0. 0. 0. 0. 0. 0. 0. 0. 0. 0. 0. 0.]
 [0. 0. 0. 0. 0. 0. 0. 0. 0. 0. 0. 0. 0. 0. 0. 0.]
 [0. 0. 0. 0. 0. 0. 0. 0. 0. 0. 0. 0. 0. 0. 0. 0.]
 [0. 0. 0. 0. 0. 0. 0. 0. 0. 0. 0. 0. 0. 0. 0. 0.]
 [0. 0. 0. 0. 0. 0. 0. 0. 0. 0. 0. 0. 0. 0. 0. 0.]
 [0. 0. 0. 0. 0. 0. 0. 0. 0. 0. 0. 0. 0. 0. 0. 0.]
 [0. 0. 0. 0. 0. 0. 0. 0. 0. 0. 0. 0. 0. 0. 0. 0.]
 [0. 0. 0. 0. 0. 0. 0. 0. 0. 0. 0. 0. 0. 0. 0. 0.]
 [1. 0. 0. 0. 0. 0. 0. 0. 0. 0. 0. 0. 0. 0. 0. 1.]]

Adjoint of the dynamical matrix:
[[1. 0. 0. 0. 0. 0. 0. 0. 0. 0. 0. 0. 0. 0. 0. 1.]
 [0. 0. 0. 0. 0. 0. 0. 0. 0. 0. 0. 0. 0. 0. 0. 0.]
 [0. 0. 0. 0. 0. 0. 0. 0. 0. 0. 0. 0. 0. 0. 0. 0.]
 [0. 0. 0. 0. 0. 0. 0. 0. 0. 0. 0. 0. 0. 0. 0. 0.]
 [0. 0. 0. 0. 0. 0. 0. 0. 0. 0. 0. 0. 0. 0. 0. 0.]
 [0. 0. 0. 0. 0. 0. 0. 0. 0. 0. 0. 0. 0. 0. 0. 0.]
 [0. 0. 0. 0. 0. 0. 0. 0. 0. 0. 0. 0. 0. 0. 0. 0.]
 [0. 0. 0. 0. 0. 0. 0. 0. 0. 0. 0. 0. 0. 0. 0. 0.]
 [0. 0. 0. 0. 0. 0. 0. 0. 0. 0. 0. 0. 0. 0. 0. 0.]
 [0. 0. 0. 0. 0. 0. 0. 0. 0. 0. 0. 0. 0. 0. 0. 0.]
 [0. 0. 0. 0. 0. 0. 0. 0. 0. 0. 0. 0. 0. 0. 0. 0.]
 [0. 0. 0. 0. 0. 0. 0. 0. 0. 0. 0. 0. 0. 0. 0. 0.]
 [0. 0. 0. 0. 0. 0. 0. 0. 0. 0. 0. 0. 0. 0. 0. 0.]
 [0. 0. 0. 0. 0. 0. 0. 0. 0. 0. 0. 0. 0. 0. 0. 0.]
 [0. 0. 0. 0. 0. 0. 0. 0. 0. 0. 0. 0. 0. 0. 0. 0.]
 [1. 0. 0. 0. 0. 0. 0. 0. 0. 0. 0. 0. 0. 0. 0. 1.]]
Eigenvalues:
[2. 0. 0. 0. 0. 0. 0. 0. 0. 0. 0. 0. 0. 0. 0. 0.]


2 QUBITs: X1Z1X2Z2 ERASED
Quantum channel:
[[ 0.25  0.    0.    0.25  0.    0.    0.    0.    0.    0.    0.    0.
   0.25  0.    0.    0.25]
 [ 0.    0.25 -0.25  0.    0.    0.   -0.    0.    0.    0.   -0.    0.
   0.    0.25 -0.25  0.  ]
 [ 0.   -0.25  0.25  0.    0.   -0.    0.    0.    0.   -0.    0.    0.
   0.   -0.25  0.25  0.  ]
 [ 0.25  0.    0.    0.25  0.    0.    0.    0.    0.    0.    0.    0.
   0.25  0.    0.    0.25]
 [ 0.    0.    0.    0.    0.25  0.    0.    0.25 -0.25 -0.   -0.   -0.25
   0.    0.    0.    0.  ]
 [ 0.    0.   -0.    0.    0.    0.25 -0.25  0.   -0.   -0.25  0.25 -0.
   0.    0.   -0.    0.  ]
 [ 0.   -0.    0.    0.    0.   -0.25  0.25  0.   -0.    0.25 -0.25 -0.
   0.   -0.    0.    0.  ]
 [ 0.    0.    0.    0.    0.25  0.    0.    0.25 -0.25 -0.   -0.   -0.25
   0.    0.    0.    0.  ]
 [ 0.    0.    0.    0.   -0.25 -0.   -0.   -0.25  0.25  0.    0.    0.25
   0.    0.    0.    0.  ]
 [ 0.    0.   -0.    0.   -0.   -0.25  0.25 -0.    0.    0.25 -0.25  0.
   0.    0.   -0.    0.  ]
 [ 0.   -0.    0.    0.   -0.    0.25 -0.25 -0.    0.   -0.25  0.25  0.
   0.   -0.    0.    0.  ]
 [ 0.    0.    0.    0.   -0.25 -0.   -0.   -0.25  0.25  0.    0.    0.25
   0.    0.    0.    0.  ]
 [ 0.25  0.    0.    0.25  0.    0.    0.    0.    0.    0.    0.    0.
   0.25  0.    0.    0.25]
 [ 0.    0.25 -0.25  0.    0.    0.   -0.    0.    0.    0.   -0.    0.
   0.    0.25 -0.25  0.  ]
 [ 0.   -0.25  0.25  0.    0.   -0.    0.    0.    0.   -0.    0.    0.
   0.   -0.25  0.25  0.  ]
 [ 0.25  0.    0.    0.25  0.    0.    0.    0.    0.    0.    0.    0.
   0.25  0.    0.    0.25]]

Dynamical matrix:
[[ 0.25  0.    0.    0.25  0.    0.25 -0.25  0.    0.   -0.25  0.25  0.
   0.25  0.    0.    0.25]
 [ 0.    0.    0.    0.    0.    0.   -0.    0.    0.   -0.    0.    0.
   0.    0.    0.    0.  ]
 [ 0.    0.    0.    0.    0.    0.   -0.    0.    0.   -0.    0.    0.
   0.    0.    0.    0.  ]
 [ 0.25  0.    0.    0.25  0.    0.25 -0.25  0.    0.   -0.25  0.25  0.
   0.25  0.    0.    0.25]
 [ 0.    0.    0.    0.    0.    0.   -0.    0.    0.   -0.    0.    0.
   0.    0.    0.    0.  ]
 [ 0.25  0.    0.    0.25  0.    0.25 -0.25  0.    0.   -0.25  0.25  0.
   0.25  0.    0.    0.25]
 [-0.25 -0.   -0.   -0.25 -0.   -0.25  0.25 -0.   -0.    0.25 -0.25 -0.
  -0.25 -0.   -0.   -0.25]
 [ 0.    0.    0.    0.    0.    0.   -0.    0.    0.   -0.    0.    0.
   0.    0.    0.    0.  ]
 [ 0.    0.    0.    0.    0.    0.   -0.    0.    0.   -0.    0.    0.
   0.    0.    0.    0.  ]
 [-0.25 -0.   -0.   -0.25 -0.   -0.25  0.25 -0.   -0.    0.25 -0.25 -0.
  -0.25 -0.   -0.   -0.25]
 [ 0.25  0.    0.    0.25  0.    0.25 -0.25  0.    0.   -0.25  0.25  0.
   0.25  0.    0.    0.25]
 [ 0.    0.    0.    0.    0.    0.   -0.    0.    0.   -0.    0.    0.
   0.    0.    0.    0.  ]
 [ 0.25  0.    0.    0.25  0.    0.25 -0.25  0.    0.   -0.25  0.25  0.
   0.25  0.    0.    0.25]
 [ 0.    0.    0.    0.    0.    0.   -0.    0.    0.   -0.    0.    0.
   0.    0.    0.    0.  ]
 [ 0.    0.    0.    0.    0.    0.   -0.    0.    0.   -0.    0.    0.
   0.    0.    0.    0.  ]
 [ 0.25  0.    0.    0.25  0.    0.25 -0.25  0.    0.   -0.25  0.25  0.
   0.25  0.    0.    0.25]]

Adjoint of the dynamical matrix:
[[ 0.25  0.    0.    0.25  0.    0.25 -0.25  0.    0.   -0.25  0.25  0.
   0.25  0.    0.    0.25]
 [ 0.    0.    0.    0.    0.    0.   -0.    0.    0.   -0.    0.    0.
   0.    0.    0.    0.  ]
 [ 0.    0.    0.    0.    0.    0.   -0.    0.    0.   -0.    0.    0.
   0.    0.    0.    0.  ]
 [ 0.25  0.    0.    0.25  0.    0.25 -0.25  0.    0.   -0.25  0.25  0.
   0.25  0.    0.    0.25]
 [ 0.    0.    0.    0.    0.    0.   -0.    0.    0.   -0.    0.    0.
   0.    0.    0.    0.  ]
 [ 0.25  0.    0.    0.25  0.    0.25 -0.25  0.    0.   -0.25  0.25  0.
   0.25  0.    0.    0.25]
 [-0.25 -0.   -0.   -0.25 -0.   -0.25  0.25 -0.   -0.    0.25 -0.25 -0.
  -0.25 -0.   -0.   -0.25]
 [ 0.    0.    0.    0.    0.    0.   -0.    0.    0.   -0.    0.    0.
   0.    0.    0.    0.  ]
 [ 0.    0.    0.    0.    0.    0.   -0.    0.    0.   -0.    0.    0.
   0.    0.    0.    0.  ]
 [-0.25 -0.   -0.   -0.25 -0.   -0.25  0.25 -0.   -0.    0.25 -0.25 -0.
  -0.25 -0.   -0.   -0.25]
 [ 0.25  0.    0.    0.25  0.    0.25 -0.25  0.    0.   -0.25  0.25  0.
   0.25  0.    0.    0.25]
 [ 0.    0.    0.    0.    0.    0.   -0.    0.    0.   -0.    0.    0.
   0.    0.    0.    0.  ]
 [ 0.25  0.    0.    0.25  0.    0.25 -0.25  0.    0.   -0.25  0.25  0.
   0.25  0.    0.    0.25]
 [ 0.    0.    0.    0.    0.    0.   -0.    0.    0.   -0.    0.    0.
   0.    0.    0.    0.  ]
 [ 0.    0.    0.    0.    0.    0.   -0.    0.    0.   -0.    0.    0.
   0.    0.    0.    0.  ]
 [ 0.25  0.    0.    0.25  0.    0.25 -0.25  0.    0.   -0.25  0.25  0.
   0.25  0.    0.    0.25]]
Eigenvalues:
[0. 2. 0. 0. 0. 0. 0. 0. 0. 0. 0. 0. 0. 0. 0. 0.]


2 QUBITs: Y1Z1Y2Z2 ERASED
Quantum channel:
[[0.25 0.   0.   0.25 0.   0.   0.   0.   0.   0.   0.   0.   0.25 0.
  0.   0.25]
 [0.   0.25 0.25 0.   0.   0.   0.   0.   0.   0.   0.   0.   0.   0.25
  0.25 0.  ]
 [0.   0.25 0.25 0.   0.   0.   0.   0.   0.   0.   0.   0.   0.   0.25
  0.25 0.  ]
 [0.25 0.   0.   0.25 0.   0.   0.   0.   0.   0.   0.   0.   0.25 0.
  0.   0.25]
 [0.   0.   0.   0.   0.25 0.   0.   0.25 0.25 0.   0.   0.25 0.   0.
  0.   0.  ]
 [0.   0.   0.   0.   0.   0.25 0.25 0.   0.   0.25 0.25 0.   0.   0.
  0.   0.  ]
 [0.   0.   0.   0.   0.   0.25 0.25 0.   0.   0.25 0.25 0.   0.   0.
  0.   0.  ]
 [0.   0.   0.   0.   0.25 0.   0.   0.25 0.25 0.   0.   0.25 0.   0.
  0.   0.  ]
 [0.   0.   0.   0.   0.25 0.   0.   0.25 0.25 0.   0.   0.25 0.   0.
  0.   0.  ]
 [0.   0.   0.   0.   0.   0.25 0.25 0.   0.   0.25 0.25 0.   0.   0.
  0.   0.  ]
 [0.   0.   0.   0.   0.   0.25 0.25 0.   0.   0.25 0.25 0.   0.   0.
  0.   0.  ]
 [0.   0.   0.   0.   0.25 0.   0.   0.25 0.25 0.   0.   0.25 0.   0.
  0.   0.  ]
 [0.25 0.   0.   0.25 0.   0.   0.   0.   0.   0.   0.   0.   0.25 0.
  0.   0.25]
 [0.   0.25 0.25 0.   0.   0.   0.   0.   0.   0.   0.   0.   0.   0.25
  0.25 0.  ]
 [0.   0.25 0.25 0.   0.   0.   0.   0.   0.   0.   0.   0.   0.   0.25
  0.25 0.  ]
 [0.25 0.   0.   0.25 0.   0.   0.   0.   0.   0.   0.   0.   0.25 0.
  0.   0.25]]

Dynamical matrix:
[[0.25 0.   0.   0.25 0.   0.25 0.25 0.   0.   0.25 0.25 0.   0.25 0.
  0.   0.25]
 [0.   0.   0.   0.   0.   0.   0.   0.   0.   0.   0.   0.   0.   0.
  0.   0.  ]
 [0.   0.   0.   0.   0.   0.   0.   0.   0.   0.   0.   0.   0.   0.
  0.   0.  ]
 [0.25 0.   0.   0.25 0.   0.25 0.25 0.   0.   0.25 0.25 0.   0.25 0.
  0.   0.25]
 [0.   0.   0.   0.   0.   0.   0.   0.   0.   0.   0.   0.   0.   0.
  0.   0.  ]
 [0.25 0.   0.   0.25 0.   0.25 0.25 0.   0.   0.25 0.25 0.   0.25 0.
  0.   0.25]
 [0.25 0.   0.   0.25 0.   0.25 0.25 0.   0.   0.25 0.25 0.   0.25 0.
  0.   0.25]
 [0.   0.   0.   0.   0.   0.   0.   0.   0.   0.   0.   0.   0.   0.
  0.   0.  ]
 [0.   0.   0.   0.   0.   0.   0.   0.   0.   0.   0.   0.   0.   0.
  0.   0.  ]
 [0.25 0.   0.   0.25 0.   0.25 0.25 0.   0.   0.25 0.25 0.   0.25 0.
  0.   0.25]
 [0.25 0.   0.   0.25 0.   0.25 0.25 0.   0.   0.25 0.25 0.   0.25 0.
  0.   0.25]
 [0.   0.   0.   0.   0.   0.   0.   0.   0.   0.   0.   0.   0.   0.
  0.   0.  ]
 [0.25 0.   0.   0.25 0.   0.25 0.25 0.   0.   0.25 0.25 0.   0.25 0.
  0.   0.25]
 [0.   0.   0.   0.   0.   0.   0.   0.   0.   0.   0.   0.   0.   0.
  0.   0.  ]
 [0.   0.   0.   0.   0.   0.   0.   0.   0.   0.   0.   0.   0.   0.
  0.   0.  ]
 [0.25 0.   0.   0.25 0.   0.25 0.25 0.   0.   0.25 0.25 0.   0.25 0.
  0.   0.25]]

Adjoint of the dynamical matrix:
[[0.25 0.   0.   0.25 0.   0.25 0.25 0.   0.   0.25 0.25 0.   0.25 0.
  0.   0.25]
 [0.   0.   0.   0.   0.   0.   0.   0.   0.   0.   0.   0.   0.   0.
  0.   0.  ]
 [0.   0.   0.   0.   0.   0.   0.   0.   0.   0.   0.   0.   0.   0.
  0.   0.  ]
 [0.25 0.   0.   0.25 0.   0.25 0.25 0.   0.   0.25 0.25 0.   0.25 0.
  0.   0.25]
 [0.   0.   0.   0.   0.   0.   0.   0.   0.   0.   0.   0.   0.   0.
  0.   0.  ]
 [0.25 0.   0.   0.25 0.   0.25 0.25 0.   0.   0.25 0.25 0.   0.25 0.
  0.   0.25]
 [0.25 0.   0.   0.25 0.   0.25 0.25 0.   0.   0.25 0.25 0.   0.25 0.
  0.   0.25]
 [0.   0.   0.   0.   0.   0.   0.   0.   0.   0.   0.   0.   0.   0.
  0.   0.  ]
 [0.   0.   0.   0.   0.   0.   0.   0.   0.   0.   0.   0.   0.   0.
  0.   0.  ]
 [0.25 0.   0.   0.25 0.   0.25 0.25 0.   0.   0.25 0.25 0.   0.25 0.
  0.   0.25]
 [0.25 0.   0.   0.25 0.   0.25 0.25 0.   0.   0.25 0.25 0.   0.25 0.
  0.   0.25]
 [0.   0.   0.   0.   0.   0.   0.   0.   0.   0.   0.   0.   0.   0.
  0.   0.  ]
 [0.25 0.   0.   0.25 0.   0.25 0.25 0.   0.   0.25 0.25 0.   0.25 0.
  0.   0.25]
 [0.   0.   0.   0.   0.   0.   0.   0.   0.   0.   0.   0.   0.   0.
  0.   0.  ]
 [0.   0.   0.   0.   0.   0.   0.   0.   0.   0.   0.   0.   0.   0.
  0.   0.  ]
 [0.25 0.   0.   0.25 0.   0.25 0.25 0.   0.   0.25 0.25 0.   0.25 0.
  0.   0.25]]
Eigenvalues:
[0. 2. 0. 0. 0. 0. 0. 0. 0. 0. 0. 0. 0. 0. 0. 0.]


2 QUBITs: Y1Z1X2Z2 ERASED
Quantum channel:
[[ 0.25  0.    0.    0.25  0.    0.    0.    0.    0.    0.    0.    0.
   0.25  0.    0.    0.25]
 [ 0.    0.25 -0.25  0.    0.    0.   -0.    0.    0.    0.   -0.    0.
   0.    0.25 -0.25  0.  ]
 [ 0.   -0.25  0.25  0.    0.   -0.    0.    0.    0.   -0.    0.    0.
   0.   -0.25  0.25  0.  ]
 [ 0.25  0.    0.    0.25  0.    0.    0.    0.    0.    0.    0.    0.
   0.25  0.    0.    0.25]
 [ 0.    0.    0.    0.    0.25  0.    0.    0.25  0.25  0.    0.    0.25
   0.    0.    0.    0.  ]
 [ 0.    0.   -0.    0.    0.    0.25 -0.25  0.    0.    0.25 -0.25  0.
   0.    0.   -0.    0.  ]
 [ 0.   -0.    0.    0.    0.   -0.25  0.25  0.    0.   -0.25  0.25  0.
   0.   -0.    0.    0.  ]
 [ 0.    0.    0.    0.    0.25  0.    0.    0.25  0.25  0.    0.    0.25
   0.    0.    0.    0.  ]
 [ 0.    0.    0.    0.    0.25  0.    0.    0.25  0.25  0.    0.    0.25
   0.    0.    0.    0.  ]
 [ 0.    0.   -0.    0.    0.    0.25 -0.25  0.    0.    0.25 -0.25  0.
   0.    0.   -0.    0.  ]
 [ 0.   -0.    0.    0.    0.   -0.25  0.25  0.    0.   -0.25  0.25  0.
   0.   -0.    0.    0.  ]
 [ 0.    0.    0.    0.    0.25  0.    0.    0.25  0.25  0.    0.    0.25
   0.    0.    0.    0.  ]
 [ 0.25  0.    0.    0.25  0.    0.    0.    0.    0.    0.    0.    0.
   0.25  0.    0.    0.25]
 [ 0.    0.25 -0.25  0.    0.    0.   -0.    0.    0.    0.   -0.    0.
   0.    0.25 -0.25  0.  ]
 [ 0.   -0.25  0.25  0.    0.   -0.    0.    0.    0.   -0.    0.    0.
   0.   -0.25  0.25  0.  ]
 [ 0.25  0.    0.    0.25  0.    0.    0.    0.    0.    0.    0.    0.
   0.25  0.    0.    0.25]]

Dynamical matrix:
[[ 0.25  0.    0.    0.25  0.    0.25 -0.25  0.    0.   -0.25  0.25  0.
   0.25  0.    0.    0.25]
 [ 0.    0.    0.    0.    0.    0.   -0.    0.    0.   -0.    0.    0.
   0.    0.    0.    0.  ]
 [ 0.    0.    0.    0.    0.    0.   -0.    0.    0.   -0.    0.    0.
   0.    0.    0.    0.  ]
 [ 0.25  0.    0.    0.25  0.    0.25 -0.25  0.    0.   -0.25  0.25  0.
   0.25  0.    0.    0.25]
 [ 0.    0.    0.    0.    0.    0.   -0.    0.    0.   -0.    0.    0.
   0.    0.    0.    0.  ]
 [ 0.25  0.    0.    0.25  0.    0.25 -0.25  0.    0.   -0.25  0.25  0.
   0.25  0.    0.    0.25]
 [ 0.25  0.    0.    0.25  0.    0.25 -0.25  0.    0.   -0.25  0.25  0.
   0.25  0.    0.    0.25]
 [ 0.    0.    0.    0.    0.    0.   -0.    0.    0.   -0.    0.    0.
   0.    0.    0.    0.  ]
 [ 0.    0.    0.    0.    0.    0.   -0.    0.    0.   -0.    0.    0.
   0.    0.    0.    0.  ]
 [ 0.25  0.    0.    0.25  0.    0.25 -0.25  0.    0.   -0.25  0.25  0.
   0.25  0.    0.    0.25]
 [ 0.25  0.    0.    0.25  0.    0.25 -0.25  0.    0.   -0.25  0.25  0.
   0.25  0.    0.    0.25]
 [ 0.    0.    0.    0.    0.    0.   -0.    0.    0.   -0.    0.    0.
   0.    0.    0.    0.  ]
 [ 0.25  0.    0.    0.25  0.    0.25 -0.25  0.    0.   -0.25  0.25  0.
   0.25  0.    0.    0.25]
 [ 0.    0.    0.    0.    0.    0.   -0.    0.    0.   -0.    0.    0.
   0.    0.    0.    0.  ]
 [ 0.    0.    0.    0.    0.    0.   -0.    0.    0.   -0.    0.    0.
   0.    0.    0.    0.  ]
 [ 0.25  0.    0.    0.25  0.    0.25 -0.25  0.    0.   -0.25  0.25  0.
   0.25  0.    0.    0.25]]

Adjoint of the dynamical matrix:
[[ 0.25  0.    0.    0.25  0.    0.25  0.25  0.    0.    0.25  0.25  0.
   0.25  0.    0.    0.25]
 [ 0.    0.    0.    0.    0.    0.    0.    0.    0.    0.    0.    0.
   0.    0.    0.    0.  ]
 [ 0.    0.    0.    0.    0.    0.    0.    0.    0.    0.    0.    0.
   0.    0.    0.    0.  ]
 [ 0.25  0.    0.    0.25  0.    0.25  0.25  0.    0.    0.25  0.25  0.
   0.25  0.    0.    0.25]
 [ 0.    0.    0.    0.    0.    0.    0.    0.    0.    0.    0.    0.
   0.    0.    0.    0.  ]
 [ 0.25  0.    0.    0.25  0.    0.25  0.25  0.    0.    0.25  0.25  0.
   0.25  0.    0.    0.25]
 [-0.25 -0.   -0.   -0.25 -0.   -0.25 -0.25 -0.   -0.   -0.25 -0.25 -0.
  -0.25 -0.   -0.   -0.25]
 [ 0.    0.    0.    0.    0.    0.    0.    0.    0.    0.    0.    0.
   0.    0.    0.    0.  ]
 [ 0.    0.    0.    0.    0.    0.    0.    0.    0.    0.    0.    0.
   0.    0.    0.    0.  ]
 [-0.25 -0.   -0.   -0.25 -0.   -0.25 -0.25 -0.   -0.   -0.25 -0.25 -0.
  -0.25 -0.   -0.   -0.25]
 [ 0.25  0.    0.    0.25  0.    0.25  0.25  0.    0.    0.25  0.25  0.
   0.25  0.    0.    0.25]
 [ 0.    0.    0.    0.    0.    0.    0.    0.    0.    0.    0.    0.
   0.    0.    0.    0.  ]
 [ 0.25  0.    0.    0.25  0.    0.25  0.25  0.    0.    0.25  0.25  0.
   0.25  0.    0.    0.25]
 [ 0.    0.    0.    0.    0.    0.    0.    0.    0.    0.    0.    0.
   0.    0.    0.    0.  ]
 [ 0.    0.    0.    0.    0.    0.    0.    0.    0.    0.    0.    0.
   0.    0.    0.    0.  ]
 [ 0.25  0.    0.    0.25  0.    0.25  0.25  0.    0.    0.25  0.25  0.
   0.25  0.    0.    0.25]]
Eigenvalues:
[ 1.00000000e+00  8.03043100e-17 -2.24831337e-16 -1.36845553e-48
  1.23259516e-32  0.00000000e+00  0.00000000e+00  3.03858168e-64
  0.00000000e+00  0.00000000e+00  0.00000000e+00  0.00000000e+00
  0.00000000e+00  0.00000000e+00  0.00000000e+00  0.00000000e+00]


