 QC_1qubit_XYcorrWiped tensor I (rho tensor sigma) = [x1=y1=z1=1/sqrt(3), x2=y2=0, z2=1]
[0.78867513+0.j 0.        +0.j 0.        +0.j 0.        +0.j
 0.        +0.j 0.        +0.j 0.        +0.j 0.        +0.j
 0.        +0.j 0.        +0.j 0.        +0.j 0.        +0.j
 0.21132487+0.j 0.        +0.j 0.        +0.j 0.        +0.j]


 QC_1qubit_XYcorrWiped(rho) tensor I(sigma) = 
[0.78867513+0.j 0.        +0.j 0.        +0.j 0.        +0.j
 0.        +0.j 0.        +0.j 0.        +0.j 0.        +0.j
 0.        +0.j 0.        +0.j 0.        +0.j 0.        +0.j
 0.21132487+0.j 0.        +0.j 0.        +0.j 0.        +0.j]
------------------------------------------------------------------------------------------------------------------------------------------
 QC_1qubit_XYcorrWiped tensor I (rho tensor sigma) = [x1=1, x1=y1=0, x2=y2=0, z2=1]
[0.5 0.  0.  0.  0.  0.  0.  0.  0.  0.  0.  0.  0.5 0.  0.  0. ]


 QC_1qubit_XYcorrWiped(rho) tensor I(sigma) = 
[0.5 0.  0.  0.  0.  0.  0.  0.  0.  0.  0.  0.  0.5 0.  0.  0. ]
------------------------------------------------------------------------------------------------------------------------------------------
 QC_1qubit_XYcorrWiped tensor I (rho tensor sigma) = [x1=1, x1=y1=0, x2=y2=1/sqrt(2), z2=0]
[0.25     +0.j        0.1767767-0.1767767j 0.1767767+0.1767767j
 0.25     +0.j        0.       +0.j        0.       +0.j
 0.       +0.j        0.       +0.j        0.       +0.j
 0.       +0.j        0.       +0.j        0.       +0.j
 0.25     +0.j        0.1767767-0.1767767j 0.1767767+0.1767767j
 0.25     +0.j       ]


 QC_1qubit_XYcorrWiped(rho) tensor I(sigma) = 
[0.25     +0.j        0.1767767-0.1767767j 0.1767767+0.1767767j
 0.25     +0.j        0.       +0.j        0.       +0.j
 0.       +0.j        0.       +0.j        0.       +0.j
 0.       +0.j        0.       +0.j        0.       +0.j
 0.25     +0.j        0.1767767-0.1767767j 0.1767767+0.1767767j
 0.25     +0.j       ]
------------------------------------------------------------------------------------------------------------------------------------------
 QC_1qubit_XYcorrWiped(rho) tensor I(sigma) = [x1=y1=z1=1/sqrt(3), x2=y2=0, z2=1]
[0.78867513+0.j         0.        +0.j         0.        +0.j
 0.        +0.j         0.28867513-0.28867513j 0.        +0.j
 0.        +0.j         0.        +0.j         0.        +0.j
 0.        +0.j         0.        +0.j         0.        +0.j
 0.        +0.j         0.        +0.j         0.        +0.j
 0.        +0.j        ]
------------------------------------------------------------------------------------------------------------------------------------------
 QC_1qubit_XYcorrWiped(rho) tensor I(sigma) = [x1=1, x1=y1=0, x2=y2=1/sqrt(2), z2=0]
[0.25     +0.j        0.1767767-0.1767767j 0.       +0.j
 0.       +0.j        0.25     +0.j        0.1767767-0.1767767j
 0.       +0.j        0.       +0.j        0.       +0.j
 0.       +0.j        0.1767767+0.1767767j 0.25     +0.j
 0.       +0.j        0.       +0.j        0.1767767+0.1767767j
 0.25     +0.j       ]
------------------------------------------------------------------------------------------------------------------------------------------
 R.QC_1qubit_XYcorrWiped.R(rho tensor sigma) = x1=1, x1=y1=0, x2=y2=1/sqrt(2), z2=0]
[0.25     +0.j        0.1767767-0.1767767j 0.       +0.j
 0.       +0.j        0.25     +0.j        0.1767767-0.1767767j
 0.       +0.j        0.       +0.j        0.       +0.j
 0.       +0.j        0.1767767+0.1767767j 0.25     +0.j
 0.       +0.j        0.       +0.j        0.1767767+0.1767767j
 0.25     +0.j       ]
------------------------------------------------------------------------------------------------------------------------------------------
New Quantum channel of Z1 removed: 
[[1. 0. 0. 0. 0. 0. 0. 0. 0. 0. 0. 0. 0. 0. 0. 0.]
 [0. 1. 0. 0. 0. 0. 0. 0. 0. 0. 0. 0. 0. 0. 0. 0.]
 [0. 0. 0. 0. 0. 0. 0. 0. 0. 0. 0. 0. 0. 0. 0. 0.]
 [0. 0. 0. 0. 0. 0. 0. 0. 0. 0. 0. 0. 0. 0. 0. 0.]
 [0. 0. 0. 0. 1. 0. 0. 0. 0. 0. 0. 0. 0. 0. 0. 0.]
 [0. 0. 0. 0. 0. 1. 0. 0. 0. 0. 0. 0. 0. 0. 0. 0.]
 [0. 0. 0. 0. 0. 0. 0. 0. 0. 0. 0. 0. 0. 0. 0. 0.]
 [0. 0. 0. 0. 0. 0. 0. 0. 0. 0. 0. 0. 0. 0. 0. 0.]
 [0. 0. 0. 0. 0. 0. 0. 0. 0. 0. 0. 0. 0. 0. 0. 0.]
 [0. 0. 0. 0. 0. 0. 0. 0. 0. 0. 0. 0. 0. 0. 0. 0.]
 [0. 0. 0. 0. 0. 0. 0. 0. 0. 0. 1. 0. 0. 0. 0. 0.]
 [0. 0. 0. 0. 0. 0. 0. 0. 0. 0. 0. 1. 0. 0. 0. 0.]
 [0. 0. 0. 0. 0. 0. 0. 0. 0. 0. 0. 0. 0. 0. 0. 0.]
 [0. 0. 0. 0. 0. 0. 0. 0. 0. 0. 0. 0. 0. 0. 0. 0.]
 [0. 0. 0. 0. 0. 0. 0. 0. 0. 0. 0. 0. 0. 0. 1. 0.]
 [0. 0. 0. 0. 0. 0. 0. 0. 0. 0. 0. 0. 0. 0. 0. 1.]]

Dynamical matrix:
[[1. 0. 0. 0. 0. 1. 0. 0. 0. 0. 0. 0. 0. 0. 0. 0.]
 [0. 0. 0. 0. 0. 0. 0. 0. 0. 0. 0. 0. 0. 0. 0. 0.]
 [0. 0. 0. 0. 0. 0. 0. 0. 0. 0. 0. 0. 0. 0. 0. 0.]
 [0. 0. 0. 0. 0. 0. 0. 0. 0. 0. 0. 0. 0. 0. 0. 0.]
 [0. 0. 0. 0. 0. 0. 0. 0. 0. 0. 0. 0. 0. 0. 0. 0.]
 [1. 0. 0. 0. 0. 1. 0. 0. 0. 0. 0. 0. 0. 0. 0. 0.]
 [0. 0. 0. 0. 0. 0. 0. 0. 0. 0. 0. 0. 0. 0. 0. 0.]
 [0. 0. 0. 0. 0. 0. 0. 0. 0. 0. 0. 0. 0. 0. 0. 0.]
 [0. 0. 0. 0. 0. 0. 0. 0. 0. 0. 0. 0. 0. 0. 0. 0.]
 [0. 0. 0. 0. 0. 0. 0. 0. 0. 0. 0. 0. 0. 0. 0. 0.]
 [0. 0. 0. 0. 0. 0. 0. 0. 0. 0. 1. 0. 0. 0. 0. 1.]
 [0. 0. 0. 0. 0. 0. 0. 0. 0. 0. 0. 0. 0. 0. 0. 0.]
 [0. 0. 0. 0. 0. 0. 0. 0. 0. 0. 0. 0. 0. 0. 0. 0.]
 [0. 0. 0. 0. 0. 0. 0. 0. 0. 0. 0. 0. 0. 0. 0. 0.]
 [0. 0. 0. 0. 0. 0. 0. 0. 0. 0. 0. 0. 0. 0. 0. 0.]
 [0. 0. 0. 0. 0. 0. 0. 0. 0. 0. 1. 0. 0. 0. 0. 1.]]

Adjoint of the dynamical matrix:
[[1. 0. 0. 0. 0. 1. 0. 0. 0. 0. 0. 0. 0. 0. 0. 0.]
 [0. 0. 0. 0. 0. 0. 0. 0. 0. 0. 0. 0. 0. 0. 0. 0.]
 [0. 0. 0. 0. 0. 0. 0. 0. 0. 0. 0. 0. 0. 0. 0. 0.]
 [0. 0. 0. 0. 0. 0. 0. 0. 0. 0. 0. 0. 0. 0. 0. 0.]
 [0. 0. 0. 0. 0. 0. 0. 0. 0. 0. 0. 0. 0. 0. 0. 0.]
 [1. 0. 0. 0. 0. 1. 0. 0. 0. 0. 0. 0. 0. 0. 0. 0.]
 [0. 0. 0. 0. 0. 0. 0. 0. 0. 0. 0. 0. 0. 0. 0. 0.]
 [0. 0. 0. 0. 0. 0. 0. 0. 0. 0. 0. 0. 0. 0. 0. 0.]
 [0. 0. 0. 0. 0. 0. 0. 0. 0. 0. 0. 0. 0. 0. 0. 0.]
 [0. 0. 0. 0. 0. 0. 0. 0. 0. 0. 0. 0. 0. 0. 0. 0.]
 [0. 0. 0. 0. 0. 0. 0. 0. 0. 0. 1. 0. 0. 0. 0. 1.]
 [0. 0. 0. 0. 0. 0. 0. 0. 0. 0. 0. 0. 0. 0. 0. 0.]
 [0. 0. 0. 0. 0. 0. 0. 0. 0. 0. 0. 0. 0. 0. 0. 0.]
 [0. 0. 0. 0. 0. 0. 0. 0. 0. 0. 0. 0. 0. 0. 0. 0.]
 [0. 0. 0. 0. 0. 0. 0. 0. 0. 0. 0. 0. 0. 0. 0. 0.]
 [0. 0. 0. 0. 0. 0. 0. 0. 0. 0. 1. 0. 0. 0. 0. 1.]]
Eigenvalues:
[2. 0. 2. 0. 0. 0. 0. 0. 0. 0. 0. 0. 0. 0. 0. 0.]
